Torque:  [array([-0.12225861,  1.17014436,  4.62824778,  0.08027092,  1.22506524,
        4.45473988, -0.14758834,  0.68736888,  5.64243234,  0.0380579 ,
        0.73142167,  5.50152262]), array([-0.13224717,  0.98886462,  3.97346399,  0.09161493,  1.03129054,
        3.8328596 , -0.15251982,  0.58588955,  4.83356298,  0.05529941,
        0.62085389,  4.71815687]), array([-0.13692425,  0.71753836,  3.81612232,  0.08955536,  0.75769381,
        3.69224599, -0.15403984,  0.42247268,  4.43924362,  0.0601202 ,
        0.45453532,  4.33769999]), array([-0.13940119,  0.47769056,  3.76058824,  0.08534822,  0.51688036,
        3.64795431, -0.15448831,  0.27941354,  4.17411226,  0.06183517,
        0.31022369,  4.08165076]), array([-0.14083468,  0.28147974,  3.72623707,  0.08138876,  0.31984059,
        3.62195812, -0.15451542,  0.16298756,  3.97080019,  0.06260473,
        0.19310712,  3.88483289]), array([-0.14166658,  0.12262004,  3.69681359,  0.07800723,  0.16023194,
        3.59898482, -0.15431528,  0.06890418,  3.80675188,  0.06298344,
        0.09859216,  3.72565638]), array([-0.14211892, -0.00708063,  3.66912615,  0.07512988,  0.02987311,
        3.57641639, -0.15397288, -0.00791505,  3.67085908,  0.06314116,
        0.02148387,  3.59355413]), array([-0.14232525, -0.1144866 ,  3.64251591,  0.0726409 , -0.07810955,
        3.55398171, -0.15354015, -0.07162283,  3.55602002,  0.06315089,
       -0.04243102,  3.48176556]), array([-0.142372  , -0.20485809,  3.61678277,  0.07044655, -0.16899453,
        3.53174962, -0.15305277, -0.12536541,  3.45719607,  0.06305601,
       -0.09633469,  3.38547654]), array([-0.14231635, -0.282134  ,  3.59181021,  0.0684786 , -0.24673845,
        3.50979015, -0.15253555, -0.17148199,  3.37069864,  0.06288696,
       -0.14258805,  3.30114829]), array([-0.14219639, -0.34924898,  3.56750782,  0.0666884 , -0.3142898 ,
        3.48814198, -0.15200548, -0.21170594,  3.29380308,  0.06266624,
       -0.18293727,  3.22615676]), array([-0.14203742, -0.40839063,  3.54380474,  0.06504118, -0.37384594,
        3.46682352, -0.15147397, -0.24732361,  3.22448928,  0.06241068,
       -0.21867587,  3.15854976]), array([-0.14185618, -0.46119404,  3.5206479 ,  0.06351183, -0.42704837,
        3.44584355, -0.15094852, -0.27929257,  3.16125459,  0.06213281,
       -0.25076514,  3.09687078]), array([-0.1416637 , -0.50888612,  3.49799945,  0.06208196, -0.47512794,
        3.42520731, -0.1504339 , -0.30832858,  3.10297686,  0.06184191,
       -0.27992245,  3.04002927]), array([-0.14146716, -0.55239206,  3.47583378,  0.06073793, -0.5190121 ,
        3.40491945, -0.14993308, -0.33496922,  3.0488138 ,  0.0615448 ,
       -0.3066858 ,  2.98720485]), array([-0.14127114, -0.59241373,  3.45413473,  0.05946941, -0.55940388,
        3.38498525, -0.14944773, -0.35962054,  2.99812928,  0.06124641,
       -0.33146105,  2.93777673]), array([-0.14107852, -0.62948747,  3.43289311,  0.05826844, -0.59684009,
        3.36541094, -0.14897873, -0.38259133,  2.95043915,  0.06095025,
       -0.35455644,  2.8912718 ]), array([-0.14089101, -0.66402661,  3.41210471,  0.05712875, -0.6317341 ,
        3.34620358, -0.14852639, -0.4041182 ,  2.90537162,  0.06065879,
       -0.37620793,  2.84732628]), array([-0.14070956, -0.69635284,  3.39176868,  0.05604529, -0.66440746,
        3.32737075, -0.14809064, -0.42438417,  2.86263806,  0.0603737 ,
       -0.39659787,  2.80565753]), array([-0.14053461, -0.72671941,  3.37188631,  0.05501388, -0.69511309,
        3.30892015, -0.1476712 , -0.44353221,  2.8220115 ,  0.06009608,
       -0.41586863,  2.76604324]), array([-0.14036629, -0.75532816,  3.35245999,  0.05403105, -0.72405253,
        3.29085924, -0.14726766, -0.46167541,  2.78331093,  0.05982659,
       -0.43413273,  2.72830605]), array([-0.14020451, -0.78234226,  3.33349256,  0.0530938 , -0.75138864,
        3.27319493, -0.14687948, -0.47890435,  2.74638955,  0.05956563,
       -0.4514803 ,  2.69230218]), array([-0.14004905, -0.80789556,  3.31498671,  0.05219952, -0.77725498,
        3.25593332, -0.14650614, -0.49529269,  2.71112623,  0.05931332,
       -0.46798461,  2.65791304]), array([-0.13989964, -0.83209962,  3.29694467,  0.05134591, -0.80176288,
        3.23907954, -0.14614705, -0.51090124,  2.67741912,  0.0590697 ,
       -0.48370617,  2.62503899]), array([-0.13975596, -0.85504888,  3.27936795,  0.05053089, -0.8250066 ,
        3.22263763, -0.14580166, -0.52578107,  2.64518101,  0.05883466,
       -0.49869579,  2.59359477]), array([-0.13961767, -0.87682462,  3.26225716,  0.04975261, -0.84706727,
        3.20661053, -0.1454694 , -0.53997573,  2.61433577,  0.05860806,
       -0.51299685,  2.56350605]), array([-0.13948444, -0.8974978 ,  3.24561204,  0.04900935, -0.86801578,
        3.19100003, -0.14514976, -0.55352304,  2.5848159 ,  0.05838969,
       -0.52664703,  2.53470692]), array([-0.13935597, -0.91713136,  3.22943137,  0.04829952, -0.88791501,
        3.17580688, -0.14484221, -0.56645634,  2.55656051,  0.05817934,
       -0.53967959,  2.50713805]), array([-0.13923195, -0.93578178,  3.21371303,  0.04762166, -0.90682147,
        3.16103078, -0.14454628, -0.57880548,  2.52951403,  0.05797677,
       -0.55212428,  2.48074528]), array([-0.1391121 , -0.95350041,  3.19845409,  0.04697441, -0.92478652,
        3.14667051, -0.14426149, -0.5905975 ,  2.5036251 ,  0.05778177,
       -0.56400816,  2.45547859]), array([-0.13899617, -0.97033441,  3.18365082,  0.04635647, -0.94185739,
        3.13272397, -0.1439874 , -0.60185729,  2.47884584,  0.0575941 ,
       -0.57535607,  2.43129139]), array([-0.1388839 , -0.98632742,  3.16929881,  0.04576663, -0.95807782,
        3.11918833, -0.1437236 , -0.61260788,  2.45513123,  0.05741353,
       -0.58619107,  2.40813987]), array([-0.13877509, -1.00152019,  3.15539303,  0.04520374, -0.97348866,
        3.10606004, -0.1434697 , -0.62287087,  2.43243873,  0.05723985,
       -0.59653476,  2.38598266]), array([-0.13866951, -1.01595094,  3.14192789,  0.04466671, -0.98812827,
        3.09333494, -0.14322529, -0.63266658,  2.41072794,  0.05707285,
       -0.60640752,  2.36478046]), array([-0.138567  , -1.02965574,  3.12889732,  0.04415448, -1.00203285,
        3.08100836, -0.14299004, -0.64201429,  2.38996033,  0.05691232,
       -0.61582867,  2.34449579]), array([-0.13846736, -1.0426687 ,  3.11629483,  0.04366607, -1.01523669,
        3.06907512, -0.14276358, -0.65093237,  2.37009907,  0.05675807,
       -0.62481661,  2.32509284]), array([-0.13837044, -1.05502222,  3.10411353,  0.04320052, -1.02777236,
        3.05752962, -0.14254558, -0.65943836,  2.35110886,  0.0566099 ,
       -0.63338894,  2.30653729]), array([-0.1382761 , -1.06674714,  3.09234622,  0.04275691, -1.03967086,
        3.04636591, -0.14233573, -0.66754906,  2.33295582,  0.05646764,
       -0.64156253,  2.28879618]), array([-0.1381842 , -1.07787284,  3.08098541,  0.04233436, -1.05096176,
        3.03557767, -0.14213373, -0.67528062,  2.31560739,  0.0563311 ,
       -0.64935359,  2.27183786]), array([-0.13809461, -1.08842734,  3.07002334,  0.04193204, -1.06167328,
        3.0251583 , -0.14193927, -0.68264856,  2.29903223,  0.0562001 ,
       -0.65677771,  2.25563182]), array([-0.13800721, -1.09843741,  3.05945201,  0.04154912, -1.07183239,
        3.01510094, -0.14175207, -0.68966783,  2.28320015,  0.05607449,
       -0.6638499 ,  2.24014873]), array([-0.1379219 , -1.10792866,  3.04926324,  0.04118482, -1.08146489,
        3.00539848, -0.14157187, -0.69635282,  2.26808205,  0.05595409,
       -0.67058463,  2.22536027]), array([-0.13783859, -1.11692553,  3.03944867,  0.04083839, -1.09059544,
        2.99604361, -0.1413984 , -0.70271739,  2.25364988,  0.05583874,
       -0.67699585,  2.21123916]), array([-0.13775717, -1.12545142,  3.02999979,  0.04050911, -1.09924765,
        2.98702883, -0.14123142, -0.70877494,  2.23987654,  0.05572829,
       -0.68309701,  2.19775906]), array([-0.13767758, -1.13352871,  3.02090794,  0.04019626, -1.1074441 ,
        2.9783465 , -0.14107068, -0.71453835,  2.2267359 ,  0.05562258,
       -0.68890108,  2.18489454]), array([-0.13759973, -1.14117879,  3.01216437,  0.03989918, -1.1152064 ,
        2.96998882, -0.14091595, -0.72002008,  2.21420271,  0.05552146,
       -0.6944206 ,  2.17262106]), array([-0.13752356, -1.14842215,  3.00376025,  0.03961721, -1.12255525,
        2.9619479 , -0.140767  , -0.72523211,  2.20225259,  0.05542479,
       -0.69966764,  2.16091491]), array([-0.137449  , -1.15527835,  2.99568667,  0.03934973, -1.12951045,
        2.95421574, -0.14062363, -0.73018602,  2.19086196,  0.05533242,
       -0.70465385,  2.14975318]), array([-0.137376  , -1.16176615,  2.98793468,  0.03909611, -1.13609095,
        2.94678429, -0.14048563, -0.73489296,  2.18000808,  0.05524421,
       -0.70939048,  2.13911374]), array([-0.13730451, -1.16790345,  2.98049529,  0.03885579, -1.14231489,
        2.93964542, -0.1403528 , -0.73936369,  2.16966895,  0.05516002,
       -0.71388837,  2.12897521]), array([-0.13723447, -1.17370739,  2.97335952,  0.03862818, -1.14819961,
        2.93279099, -0.14022494, -0.74360858,  2.1598233 ,  0.05507973,
       -0.71815797,  2.11931694]), array([-0.13716585, -1.17919435,  2.9665184 ,  0.03841274, -1.15376171,
        2.92621286, -0.14010188, -0.74763762,  2.15045061,  0.05500319,
       -0.72220937,  2.11011897]), array([-0.13709861, -1.18437999,  2.95996296,  0.03820894, -1.15901708,
        2.91990286, -0.13998345, -0.75146044,  2.14153103,  0.05493028,
       -0.72605228,  2.10136203]), array([-0.13703272, -1.18927929,  2.95368431,  0.03801628, -1.16398091,
        2.91385288, -0.13986946, -0.7550863 ,  2.13304539,  0.05486086,
       -0.72969606,  2.0930275 ]), array([-0.13696814, -1.19390656,  2.9476736 ,  0.03783425, -1.16866772,
        2.90805483, -0.13975976, -0.75852413,  2.1249752 ,  0.05479482,
       -0.73314972,  2.08509741]), array([-0.13690485, -1.19827547,  2.94192207,  0.03766238, -1.1730914 ,
        2.90250068, -0.1396542 , -0.76178253,  2.11730258,  0.05473204,
       -0.73642196,  2.07755441]), array([-0.13684282, -1.20239909,  2.93642103,  0.03750021, -1.17726521,
        2.89718247, -0.13955261, -0.76486977,  2.11001028,  0.05467238,
       -0.73952112,  2.07038175]), array([-0.13678203, -1.20628989,  2.93116192,  0.0373473 , -1.18120185,
        2.89209234, -0.13945487, -0.76779379,  2.10308167,  0.05461574,
       -0.74245525,  2.06356328]), array([-0.13672246, -1.20995979,  2.92613628,  0.03720322, -1.18491342,
        2.88722249, -0.13936082, -0.77056225,  2.09650068,  0.054562  ,
       -0.74523208,  2.05708343]), array([-0.1366641 , -1.21342015,  2.92133578,  0.03706755, -1.1884115 ,
        2.88256528, -0.13927033, -0.7731825 ,  2.09025186,  0.05451105,
       -0.74785905,  2.05092717]), array([-0.13660692, -1.21668183,  2.91675225,  0.0369399 , -1.19170714,
        2.87811313, -0.13918327, -0.77566158,  2.08432027,  0.05446277,
       -0.75034331,  2.04508004]), array([-0.13655092, -1.21975517,  2.91237763,  0.03681987, -1.19481086,
        2.87385865, -0.13909953, -0.77800628,  2.07869156,  0.05441705,
       -0.75269171,  2.0395281 ]), array([-0.13649607, -1.22265005,  2.90820405,  0.03670711, -1.19773274,
        2.86979454, -0.13901897, -0.78022311,  2.0733519 ,  0.0543738 ,
       -0.75491084,  2.03425793]), array([-0.13644236, -1.22537588,  2.9042238 ,  0.03660126, -1.20048237,
        2.86591367, -0.13894149, -0.78231829,  2.06828797,  0.05433291,
       -0.75700702,  2.02925662]), array([-0.13638979, -1.22794163,  2.90042934,  0.03650196, -1.20306889,
        2.86220905, -0.13886697, -0.78429781,  2.06348696,  0.05429428,
       -0.75898631,  2.02451177]), array([-0.13633834, -1.23035583,  2.8968133 ,  0.0364089 , -1.20550101,
        2.85867387, -0.1387953 , -0.78616741,  2.05893658,  0.05425781,
       -0.76085453,  2.02001142]), array([-0.136288  , -1.23262662,  2.89336851,  0.03632175, -1.20778704,
        2.85530146, -0.13872638, -0.78793257,  2.05462498,  0.05422341,
       -0.76261723,  2.01574412]), array([-0.13623877, -1.23476174,  2.89008797,  0.03624021, -1.20993487,
        2.85208533, -0.13866012, -0.78959854,  2.05054082,  0.05419097,
       -0.76427975,  2.01169885]), array([-0.13619062, -1.23676856,  2.88696488,  0.03616398, -1.21195204,
        2.84901917, -0.1385964 , -0.79117036,  2.0466732 ,  0.05416043,
       -0.76584718,  2.00786504]), array([-0.13614355, -1.23865408,  2.88399265,  0.0360928 , -1.2138457 ,
        2.84609682, -0.13853515, -0.79265282,  2.04301164,  0.05413167,
       -0.7673244 ,  2.00423255]), array([-0.13609754, -1.24042497,  2.88116485,  0.03602638, -1.21562266,
        2.84331232, -0.13847627, -0.79405053,  2.03954614,  0.05410463,
       -0.76871606,  2.00079166]), array([-0.1360526 , -1.24208756,  2.87847528,  0.03596447, -1.21728939,
        2.84065987, -0.13841967, -0.79536786,  2.03626707,  0.05407922,
       -0.77002663,  1.99753306]), array([-0.1360087 , -1.24364787,  2.87591792,  0.03590682, -1.21885204,
        2.83813388, -0.13836527, -0.79660902,  2.03316525,  0.05405536,
       -0.77126034,  1.99444782]), array([-0.13596584, -1.24511159,  2.87348695,  0.03585321, -1.22031645,
        2.83572889, -0.138313  , -0.79777799,  2.03023185,  0.05403297,
       -0.77242127,  1.9915274 ]), array([-0.135924  , -1.24648416,  2.87117674,  0.0358034 , -1.22168816,
        2.83343967, -0.13826276, -0.79887859,  2.02745847,  0.05401199,
       -0.77351327,  1.98876364]), array([-0.13588318, -1.24777073,  2.86898188,  0.03575717, -1.22297244,
        2.83126113, -0.13821448, -0.79991445,  2.02483703,  0.05399233,
       -0.77454004,  1.98614871]), array([-0.13584336, -1.24897616,  2.86689712,  0.03571433, -1.22417428,
        2.82918836, -0.1381681 , -0.80088904,  2.02235985,  0.05397393,
       -0.77550508,  1.98367515]), array([-0.13580452, -1.2501051 ,  2.86491742,  0.03567468, -1.22529841,
        2.82721666, -0.13812354, -0.80180565,  2.02001956,  0.05395673,
       -0.77641175,  1.98133583]), array([-0.13576666, -1.25116191,  2.86303792,  0.03563803, -1.22634932,
        2.82534145, -0.13808073, -0.80266742,  2.01780915,  0.05394067,
       -0.77726323,  1.97912392]), array([-0.13572976, -1.25215077,  2.86125395,  0.0356042 , -1.22733126,
        2.82355835, -0.13803961, -0.80347735,  2.01572193,  0.05392567,
       -0.77806255,  1.97703294]), array([-0.13569381, -1.25307561,  2.85956102,  0.03557303, -1.22824826,
        2.82186315, -0.13800011, -0.80423826,  2.0137515 ,  0.05391169,
       -0.77881259,  1.97505667]), array([-0.13565879, -1.25394015,  2.85795482,  0.03554435, -1.22910414,
        2.82025178, -0.13796217, -0.80495286,  2.01189176,  0.05389867,
       -0.7795161 ,  1.97318921]), array([-0.1356247 , -1.25474792,  2.85643121,  0.03551802, -1.22990249,
        2.81872036, -0.13792573, -0.80562371,  2.01013693,  0.05388655,
       -0.78017566,  1.97142491]), array([-0.13559151, -1.25550227,  2.85498622,  0.03549388, -1.23064674,
        2.81726513, -0.13789074, -0.80625326,  2.00848147,  0.05387528,
       -0.78079376,  1.96975841]), array([-0.1355592 , -1.25620633,  2.85361604,  0.03547181, -1.23134011,
        2.81588251, -0.13785714, -0.8068438 ,  2.00692012,  0.05386483,
       -0.78137273,  1.96818459]), array([-0.13552778, -1.25686311,  2.85231704,  0.03545166, -1.23198565,
        2.81456906, -0.13782488, -0.80739755,  2.00544787,  0.05385513,
       -0.7819148 ,  1.96669858]), array([-0.13549721, -1.25747543,  2.85108573,  0.03543333, -1.23258626,
        2.81332148, -0.1377939 , -0.80791657,  2.00405996,  0.05384615,
       -0.78242209,  1.96529575]), array([-0.13546748, -1.25804594,  2.84991876,  0.03541668, -1.23314466,
        2.81213661, -0.13776415, -0.80840284,  2.00275187,  0.05383784,
       -0.78289659,  1.96397169]), array([-0.13543858, -1.25857717,  2.84881296,  0.03540162, -1.23366341,
        2.81101144, -0.13773559, -0.80885824,  2.00151928,  0.05383017,
       -0.78334019,  1.96272221]), array([-0.1354105 , -1.2590715 ,  2.84776527,  0.03538803, -1.23414496,
        2.80994307, -0.13770817, -0.80928454,  2.00035811,  0.05382309,
       -0.7837547 ,  1.96154334]), array([-0.1353832 , -1.25953117,  2.84677279,  0.03537582, -1.2345916 ,
        2.80892874, -0.13768184, -0.80968342,  1.99926448,  0.05381657,
       -0.78414181,  1.96043128]), array([-0.13535669, -1.25995831,  2.84583274,  0.03536489, -1.23500549,
        2.80796581, -0.13765657, -0.81005646,  1.99823469,  0.05381058,
       -0.78450313,  1.95938244]), array([-0.13533093, -1.26035491,  2.84494247,  0.03535516, -1.23538867,
        2.80705176, -0.13763231, -0.81040517,  1.99726525,  0.05380508,
       -0.78484018,  1.95839341]), array([-0.13530593, -1.26072287,  2.84409944,  0.03534655, -1.23574307,
        2.80618417, -0.13760902, -0.81073099,  1.99635284,  0.05380004,
       -0.78515441,  1.95746094]), array([-0.13528165, -1.26106396,  2.84330127,  0.03533897, -1.23607051,
        2.80536076, -0.13758666, -0.81103524,  1.9954943 ,  0.05379544,
       -0.78544718,  1.95658197]), array([-0.13525808, -1.26137985,  2.84254564,  0.03533235, -1.23637269,
        2.80457934, -0.1375652 , -0.81131922,  1.99468665,  0.05379124,
       -0.78571977,  1.95575357]), array([-0.1352352 , -1.26167214,  2.84183038,  0.03532663, -1.23665124,
        2.8038378 , -0.13754459, -0.81158412,  1.99392706,  0.05378742,
       -0.7859734 ,  1.95497298]), array([-0.13521301, -1.26194232,  2.8411534 ,  0.03532174, -1.23690766,
        2.80313416, -0.13752482, -0.81183108,  1.99321284,  0.05378396,
       -0.78620923,  1.95423758]), array([-0.13519148, -1.26219178,  2.84051273,  0.03531761, -1.23714339,
        2.80246652, -0.13750583, -0.81206118,  1.99254145,  0.05378083,
       -0.78642832,  1.95354487]), array([-0.13517059, -1.26242185,  2.83990648,  0.03531419, -1.23735978,
        2.80183308, -0.13748761, -0.81227544,  1.99191049,  0.05377801,
       -0.78663172,  1.95289249]), array([-0.13515033, -1.26263377,  2.83933285,  0.03531143, -1.23755809,
        2.8012321 , -0.13747011, -0.81247481,  1.99131766,  0.05377547,
       -0.78682039,  1.95227822]), array([-0.13513069, -1.26282873,  2.83879016,  0.03530928, -1.23773951,
        2.80066196, -0.13745332, -0.8126602 ,  1.99076082,  0.05377321,
       -0.78699524,  1.95169994]), array([-0.13511165, -1.26300782,  2.83827677,  0.03530768, -1.23790517,
        2.80012109, -0.13743719, -0.81283247,  1.99023792,  0.05377119,
       -0.78715713,  1.95115563]), array([-0.13509319, -1.26317208,  2.83779115,  0.03530659, -1.23805612,
        2.799608  , -0.13742172, -0.81299242,  1.98974702,  0.05376941,
       -0.78730687,  1.95064342]), array([-0.13507529, -1.26332249,  2.83733184,  0.03530598, -1.23819335,
        2.79912129, -0.13740686, -0.81314082,  1.98928629,  0.05376785,
       -0.78744523,  1.95016149]), array([-0.13505795, -1.26345997,  2.83689744,  0.0353058 , -1.2383178 ,
        2.79865961, -0.13739259, -0.81327838,  1.98885401,  0.05376649,
       -0.78757294,  1.94970814]), array([-0.13504115, -1.26358538,  2.83648665,  0.03530601, -1.23843033,
        2.79822169, -0.1373789 , -0.81340578,  1.98844854,  0.05376531,
       -0.78769066,  1.94928177]), array([-0.13502486, -1.26369953,  2.83609822,  0.03530659, -1.23853178,
        2.79780631, -0.13736575, -0.81352365,  1.98806833,  0.05376431,
       -0.78779905,  1.94888085]), array([-0.13500909, -1.26380319,  2.83573095,  0.0353075 , -1.23862292,
        2.79741232, -0.13735313, -0.81363261,  1.98771191,  0.05376347,
       -0.7878987 ,  1.94850394]), array([-0.13499381, -1.26389708,  2.83538371,  0.0353087 , -1.23870446,
        2.79703862, -0.137341  , -0.81373321,  1.98737791,  0.05376278,
       -0.78799018,  1.94814968]), array([-0.13497901, -1.26398186,  2.83505545,  0.03531018, -1.2387771 ,
        2.79668417, -0.13732936, -0.81382599,  1.98706502,  0.05376222,
       -0.78807403,  1.94781678]), array([-0.13496468, -1.26405818,  2.83474515,  0.03531191, -1.23884146,
        2.79634798, -0.13731819, -0.81391146,  1.986772  ,  0.0537618 ,
       -0.78815075,  1.94750402]), array([-0.1349508 , -1.26412663,  2.83445184,  0.03531385, -1.23889816,
        2.79602912, -0.13730745, -0.81399008,  1.98649769,  0.05376148,
       -0.78822082,  1.94721024]), array([-0.13493735, -1.26418776,  2.83417462,  0.035316  , -1.23894774,
        2.79572668, -0.13729715, -0.8140623 ,  1.98624099,  0.05376128,
       -0.78828467,  1.94693436]), array([-0.13492434, -1.26424209,  2.83391263,  0.03531832, -1.23899074,
        2.79543983, -0.13728725, -0.81412854,  1.98600086,  0.05376118,
       -0.78834273,  1.94667535]), array([-0.13491174, -1.26429013,  2.83366503,  0.03532081, -1.23902766,
        2.79516776, -0.13727774, -0.81418921,  1.98577631,  0.05376116,
       -0.7883954 ,  1.94643223]), array([-0.13489954, -1.26433232,  2.83343107,  0.03532343, -1.23905895,
        2.79490971, -0.13726861, -0.81424466,  1.98556641,  0.05376123,
       -0.78844303,  1.94620409]), array([-0.13488772, -1.26436911,  2.83321   ,  0.03532618, -1.23908504,
        2.79466494, -0.13725984, -0.81429524,  1.98537031,  0.05376138,
       -0.78848599,  1.94599005]), array([-0.13487629, -1.26440089,  2.83300113,  0.03532904, -1.23910635,
        2.79443278, -0.13725141, -0.81434129,  1.98518716,  0.0537616 ,
       -0.78852459,  1.9457893 ]), array([-0.13486522, -1.26442804,  2.8328038 ,  0.03533199, -1.23912324,
        2.79421258, -0.13724331, -0.81438312,  1.98501619,  0.05376188,
       -0.78855914,  1.94560106]), array([-0.13485451, -1.26445093,  2.83261739,  0.03533502, -1.23913609,
        2.79400371, -0.13723554, -0.81442101,  1.98485667,  0.05376221,
       -0.78858993,  1.94542459]), array([-0.13484414, -1.26446987,  2.83244129,  0.03533813, -1.23914521,
        2.79380558, -0.13722806, -0.81445524,  1.98470789,  0.05376261,
       -0.78861724,  1.94525922]), array([-0.13483411, -1.26448519,  2.83227496,  0.03534129, -1.23915092,
        2.79361764, -0.13722088, -0.81448606,  1.98456922,  0.05376304,
       -0.7886413 ,  1.94510427]), array([-0.13482439, -1.26449718,  2.83211787,  0.0353445 , -1.23915351,
        2.79343937, -0.13721398, -0.81451371,  1.98444004,  0.05376352,
       -0.78866237,  1.94495915]), array([-0.13481499, -1.2645061 ,  2.83196951,  0.03534774, -1.23915325,
        2.79327025, -0.13720735, -0.81453843,  1.98431975,  0.05376405,
       -0.78868066,  1.94482326]), array([-0.13480589, -1.26451222,  2.8318294 ,  0.03535102, -1.23915039,
        2.79310982, -0.13720097, -0.81456041,  1.98420782,  0.0537646 ,
       -0.78869639,  1.94469606]), array([-0.13479708, -1.26451577,  2.8316971 ,  0.03535432, -1.23914517,
        2.79295762, -0.13719484, -0.81457986,  1.98410373,  0.05376519,
       -0.78870974,  1.94457703]), array([-0.13478856, -1.26451697,  2.83157218,  0.03535763, -1.23913781,
        2.79281323, -0.13718895, -0.81459697,  1.98400699,  0.0537658 ,
       -0.7887209 ,  1.94446568]), array([-0.13478031, -1.26451603,  2.83145425,  0.03536095, -1.23912851,
        2.79267624, -0.13718328, -0.81461191,  1.98391715,  0.05376644,
       -0.78873005,  1.94436155]), array([-0.13477233, -1.26451315,  2.83134291,  0.03536427, -1.23911746,
        2.79254626, -0.13717783, -0.81462485,  1.98383377,  0.0537671 ,
       -0.78873735,  1.9442642 ]), array([-0.1347646 , -1.2645085 ,  2.83123781,  0.03536758, -1.23910485,
        2.79242294, -0.13717259, -0.81463594,  1.98375644,  0.05376778,
       -0.78874294,  1.94417323]), array([-0.13475712, -1.26450226,  2.8311386 ,  0.03537089, -1.23909084,
        2.79230592, -0.13716755, -0.81464531,  1.98368479,  0.05376848,
       -0.78874696,  1.94408825]), array([-0.13474987, -1.26449459,  2.83104498,  0.03537418, -1.23907558,
        2.79219488, -0.13716271, -0.81465312,  1.98361846,  0.05376919,
       -0.78874956,  1.94400889]), array([-0.13474286, -1.26448563,  2.83095662,  0.03537745, -1.23905921,
        2.79208951, -0.13715804, -0.81465948,  1.9835571 ,  0.05376992,
       -0.78875084,  1.94393481]), array([-0.13473608, -1.26447551,  2.83087325,  0.03538071, -1.23904188,
        2.79198952, -0.13715355, -0.81466452,  1.98350039,  0.05377065,
       -0.78875093,  1.94386568]), array([-0.1347295 , -1.26446438,  2.83079458,  0.03538394, -1.2390237 ,
        2.79189462, -0.13714923, -0.81466834,  1.98344804,  0.0537714 ,
       -0.78874993,  1.9438012 ]), array([-0.13472314, -1.26445233,  2.83072037,  0.03538714, -1.23900478,
        2.79180454, -0.13714508, -0.81467105,  1.98339977,  0.05377215,
       -0.78874795,  1.94374108]), array([-0.13471698, -1.26443949,  2.83065036,  0.03539031, -1.23898524,
        2.79171905, -0.13714107, -0.81467274,  1.98335529,  0.05377291,
       -0.78874507,  1.94368504]), array([-0.13471101, -1.26442596,  2.83058433,  0.03539345, -1.23896517,
        2.79163789, -0.13713722, -0.81467351,  1.98331438,  0.05377367,
       -0.78874139,  1.94363284]), array([-0.13470523, -1.26441184,  2.83052206,  0.03539655, -1.23894467,
        2.79156086, -0.13713351, -0.81467343,  1.98327678,  0.05377444,
       -0.78873698,  1.94358423]), array([-0.13469963, -1.2643972 ,  2.83046335,  0.03539962, -1.23892382,
        2.79148772, -0.13712993, -0.8146726 ,  1.98324229,  0.05377521,
       -0.78873193,  1.94353898]), array([-0.1346942 , -1.26438214,  2.83040799,  0.03540265, -1.23890269,
        2.79141828, -0.13712649, -0.81467108,  1.98321068,  0.05377598,
       -0.78872629,  1.94349687]), array([-0.13468894, -1.26436673,  2.83035582,  0.03540565, -1.23888136,
        2.79135235, -0.13712317, -0.81466894,  1.98318178,  0.05377675,
       -0.78872015,  1.94345772]), array([-0.13468384, -1.26435103,  2.83030664,  0.03540861, -1.23885989,
        2.79128974, -0.13711996, -0.81466625,  1.98315538,  0.05377753,
       -0.78871355,  1.94342132]), array([-0.1346789 , -1.26433513,  2.8302603 ,  0.03541152, -1.23883836,
        2.79123029, -0.13711688, -0.81466307,  1.98313132,  0.0537783 ,
       -0.78870656,  1.94338749]), array([-0.13467411, -1.26431907,  2.83021664,  0.0354144 , -1.2388168 ,
        2.79117382, -0.1371139 , -0.81465945,  1.98310945,  0.05377908,
       -0.78869923,  1.94335607]), array([-0.13466946, -1.26430292,  2.83017552,  0.03541724, -1.23879528,
        2.79112018, -0.13711103, -0.81465544,  1.98308959,  0.05377985,
       -0.7886916 ,  1.9433269 ]), array([-0.13466495, -1.26428672,  2.8301368 ,  0.03542004, -1.23877384,
        2.79106923, -0.13710826, -0.8146511 ,  1.98307163,  0.05378062,
       -0.78868373,  1.94329983]), array([-0.13466057, -1.26427052,  2.83010034,  0.0354228 , -1.23875253,
        2.79102083, -0.13710558, -0.81464648,  1.9830554 ,  0.05378139,
       -0.78867565,  1.94327472]), array([-0.13465632, -1.26425438,  2.83006603,  0.03542552, -1.23873138,
        2.79097484, -0.137103  , -0.8146416 ,  1.98304081,  0.05378216,
       -0.78866741,  1.94325143]), array([-0.13465219, -1.26423832,  2.83003375,  0.0354282 , -1.23871044,
        2.79093114, -0.1371005 , -0.81463651,  1.98302771,  0.05378293,
       -0.78865904,  1.94322984]), array([-0.13464818, -1.26422238,  2.83000338,  0.03543084, -1.23868973,
        2.79088961, -0.13709809, -0.81463126,  1.98301601,  0.0537837 ,
       -0.78865057,  1.94320983]), array([-0.13464428, -1.26420661,  2.82997483,  0.03543344, -1.23866929,
        2.79085013, -0.13709576, -0.81462587,  1.9830056 ,  0.05378446,
       -0.78864204,  1.94319129]), array([-0.13464049, -1.26419103,  2.829948  ,  0.03543601, -1.23864914,
        2.79081261, -0.1370935 , -0.81462037,  1.98299638,  0.05378522,
       -0.78863347,  1.94317412]), array([-0.13463681, -1.26417567,  2.82992278,  0.03543854, -1.23862931,
        2.79077693, -0.13709132, -0.81461479,  1.98298826,  0.05378599,
       -0.7886249 ,  1.94315821]), array([-0.13463322, -1.26416056,  2.82989911,  0.03544104, -1.23860982,
        2.79074301, -0.1370892 , -0.81460917,  1.98298116,  0.05378675,
       -0.78861634,  1.94314349]), array([-0.13462973, -1.26414572,  2.82987689,  0.0354435 , -1.2385907 ,
        2.79071074, -0.13708715, -0.81460353,  1.98297499,  0.05378751,
       -0.78860781,  1.94312985]), array([-0.13462632, -1.26413118,  2.82985605,  0.03544593, -1.23857195,
        2.79068006, -0.13708517, -0.81459789,  1.98296968,  0.05378826,
       -0.78859935,  1.94311721]), array([-0.13462301, -1.26411695,  2.82983652,  0.03544832, -1.2385536 ,
        2.79065086, -0.13708324, -0.81459227,  1.98296516,  0.05378902,
       -0.78859096,  1.94310551]), array([-0.13461977, -1.26410306,  2.82981822,  0.03545069, -1.23853567,
        2.79062308, -0.13708137, -0.81458669,  1.98296136,  0.05378978,
       -0.78858267,  1.94309466]), array([-0.13461661, -1.26408953,  2.82980109,  0.03545302, -1.23851816,
        2.79059664, -0.13707956, -0.81458118,  1.98295823,  0.05379054,
       -0.7885745 ,  1.9430846 ]), array([-0.13461353, -1.26407636,  2.82978507,  0.03545533, -1.23850109,
        2.79057148, -0.1370778 , -0.81457575,  1.9829557 ,  0.0537913 ,
       -0.78856644,  1.94307526]), array([-0.13461051, -1.26406358,  2.82977011,  0.03545762, -1.23848447,
        2.79054752, -0.13707608, -0.81457042,  1.98295372,  0.05379206,
       -0.78855853,  1.94306658]), array([-0.13460757, -1.2640512 ,  2.82975614,  0.03545987, -1.23846831,
        2.7905247 , -0.13707441, -0.8145652 ,  1.98295224,  0.05379282,
       -0.78855077,  1.94305851]), array([-0.13460468, -1.26403923,  2.82974313,  0.03546211, -1.23845261,
        2.79050296, -0.13707279, -0.81456011,  1.98295121,  0.05379359,
       -0.78854318,  1.943051  ]), array([-0.13460185, -1.26402767,  2.82973102,  0.03546432, -1.23843739,
        2.79048225, -0.1370712 , -0.81455515,  1.98295059,  0.05379436,
       -0.78853576,  1.94304398]), array([-0.13459908, -1.26401656,  2.82971976,  0.03546651, -1.23842265,
        2.79046252, -0.13706965, -0.81455035,  1.98295034,  0.05379513,
       -0.78852852,  1.94303741]), array([-0.13459636, -1.26400588,  2.82970932,  0.03546869, -1.23840839,
        2.7904437 , -0.13706814, -0.81454572,  1.98295042,  0.05379591,
       -0.78852148,  1.94303126]), array([-0.13459368, -1.26399565,  2.82969965,  0.03547085, -1.23839462,
        2.79042576, -0.13706667, -0.81454126,  1.98295079,  0.05379669,
       -0.78851463,  1.94302546]), array([-0.13459105, -1.26398588,  2.82969073,  0.03547299, -1.23838135,
        2.79040865, -0.13706522, -0.81453698,  1.98295143,  0.05379747,
       -0.788508  ,  1.94301999]), array([-0.13458846, -1.26397658,  2.82968251,  0.03547513, -1.23836857,
        2.79039231, -0.13706381, -0.8145329 ,  1.98295229,  0.05379827,
       -0.78850158,  1.94301481]), array([-0.13458591, -1.26396775,  2.82967496,  0.03547725, -1.2383563 ,
        2.79037673, -0.13706242, -0.81452902,  1.98295336,  0.05379907,
       -0.78849538,  1.94300988]), array([-0.13458339, -1.2639594 ,  2.82966805,  0.03547936, -1.23834453,
        2.79036184, -0.13706106, -0.81452536,  1.9829546 ,  0.05379987,
       -0.7884894 ,  1.94300517]), array([-0.1345809 , -1.26395153,  2.82966176,  0.03548147, -1.23833326,
        2.79034762, -0.13705972, -0.81452191,  1.98295598,  0.05380069,
       -0.78848365,  1.94300065]), array([-0.13457844, -1.26394416,  2.82965606,  0.03548357, -1.2383225 ,
        2.79033403, -0.1370584 , -0.81451869,  1.9829575 ,  0.05380152,
       -0.78847814,  1.94299627]), array([-0.13457601, -1.26393728,  2.82965092,  0.03548568, -1.23831225,
        2.79032104, -0.1370571 , -0.8145157 ,  1.98295912,  0.05380236,
       -0.78847287,  1.94299203]), array([-0.13457359, -1.26393091,  2.82964632,  0.03548778, -1.23830251,
        2.79030862, -0.13705582, -0.81451296,  1.98296082,  0.0538032 ,
       -0.78846785,  1.94298789]), array([-0.1345712 , -1.26392504,  2.82964225,  0.03548988, -1.23829328,
        2.79029672, -0.13705455, -0.81451046,  1.98296259,  0.05380407,
       -0.78846306,  1.94298382]), array([-0.13456882, -1.26391968,  2.82963868,  0.03549199, -1.23828455,
        2.79028534, -0.1370533 , -0.81450821,  1.98296441,  0.05380494,
       -0.78845853,  1.9429798 ]), array([-0.13456644, -1.26391484,  2.82963559,  0.03549411, -1.23827634,
        2.79027444, -0.13705206, -0.81450622,  1.98296626,  0.05380583,
       -0.78845425,  1.9429758 ]), array([-0.13456408, -1.26391052,  2.82963298,  0.03549623, -1.23826864,
        2.79026399, -0.13705083, -0.81450449,  1.98296814,  0.05380673,
       -0.78845022,  1.94297181]), array([-0.13456172, -1.26390673,  2.82963082,  0.03549837, -1.23826146,
        2.79025396, -0.1370496 , -0.81450303,  1.98297002,  0.05380765,
       -0.78844645,  1.94296781]), array([-0.13455936, -1.26390347,  2.8296291 ,  0.03550052, -1.23825478,
        2.79024435, -0.13704839, -0.81450185,  1.98297189,  0.05380859,
       -0.78844294,  1.94296377]), array([-0.13455701, -1.26390074,  2.82962781,  0.03550269, -1.23824861,
        2.79023512, -0.13704718, -0.81450094,  1.98297374,  0.05380955,
       -0.78843969,  1.94295968]), array([-0.13455464, -1.26389855,  2.82962694,  0.03550488, -1.23824296,
        2.79022625, -0.13704597, -0.81450032,  1.98297557,  0.05381053,
       -0.7884367 ,  1.94295551]), array([-0.13455227, -1.26389691,  2.82962648,  0.03550709, -1.23823782,
        2.79021772, -0.13704476, -0.81449999,  1.98297736,  0.05381153,
       -0.78843397,  1.94295126]), array([-0.13454989, -1.26389582,  2.82962642,  0.03550933, -1.2382332 ,
        2.79020952, -0.13704355, -0.81449995,  1.98297911,  0.05381255,
       -0.78843152,  1.9429469 ]), array([-0.13454749, -1.26389528,  2.82962676,  0.0355116 , -1.23822908,
        2.79020163, -0.13704233, -0.81450021,  1.9829808 ,  0.0538136 ,
       -0.78842932,  1.94294242]), array([-0.13454507, -1.2638953 ,  2.82962749,  0.0355139 , -1.23822548,
        2.79019403, -0.13704112, -0.81450078,  1.98298244,  0.05381467,
       -0.7884274 ,  1.9429378 ]), array([-0.13454263, -1.26389589,  2.82962861,  0.03551623, -1.23822239,
        2.7901867 , -0.13703989, -0.81450165,  1.98298401,  0.05381577,
       -0.78842575,  1.94293303]), array([-0.13454017, -1.26389705,  2.8296301 ,  0.03551859, -1.23821982,
        2.79017963, -0.13703866, -0.81450283,  1.98298551,  0.0538169 ,
       -0.78842436,  1.9429281 ]), array([-0.13453768, -1.26389878,  2.82963198,  0.035521  , -1.23821777,
        2.7901728 , -0.13703742, -0.81450434,  1.98298693,  0.05381806,
       -0.78842326,  1.94292299]), array([-0.13453516, -1.2639011 ,  2.82963423,  0.03552346, -1.23821623,
        2.79016621, -0.13703617, -0.81450616,  1.98298828,  0.05381925,
       -0.78842242,  1.94291768]), array([-0.1345326 , -1.26390401,  2.82963686,  0.03552596, -1.23821521,
        2.79015983, -0.1370349 , -0.81450832,  1.98298954,  0.05382047,
       -0.78842186,  1.94291218]), array([-0.13453   , -1.26390752,  2.82963987,  0.03552851, -1.2382147 ,
        2.79015366, -0.13703362, -0.8145108 ,  1.98299072,  0.05382173,
       -0.78842157,  1.94290646]), array([-0.13452736, -1.26391164,  2.82964326,  0.03553111, -1.23821472,
        2.79014769, -0.13703232, -0.81451363,  1.98299182,  0.05382302,
       -0.78842157,  1.94290051]), array([-0.13452467, -1.26391636,  2.82964703,  0.03553377, -1.23821527,
        2.7901419 , -0.137031  , -0.81451679,  1.98299282,  0.05382436,
       -0.78842184,  1.94289432]), array([-0.13452193, -1.26392171,  2.82965118,  0.03553649, -1.23821633,
        2.79013629, -0.13702966, -0.81452031,  1.98299374,  0.05382573,
       -0.78842239,  1.94288789]), array([-0.13451914, -1.26392768,  2.82965573,  0.03553928, -1.23821792,
        2.79013084, -0.1370283 , -0.81452418,  1.98299457,  0.05382715,
       -0.78842323,  1.94288119]), array([-0.13451628, -1.2639343 ,  2.82966068,  0.03554214, -1.23822005,
        2.79012556, -0.13702692, -0.81452841,  1.98299532,  0.05382861,
       -0.78842434,  1.94287423]), array([-0.13451337, -1.26394155,  2.82966603,  0.03554507, -1.2382227 ,
        2.79012042, -0.1370255 , -0.81453301,  1.98299598,  0.05383012,
       -0.78842575,  1.94286698]), array([-0.13451039, -1.26394947,  2.82967179,  0.03554808, -1.23822589,
        2.79011542, -0.13702406, -0.81453798,  1.98299655,  0.05383167,
       -0.78842743,  1.94285944]), array([-0.13450733, -1.26395805,  2.82967798,  0.03555117, -1.23822962,
        2.79011055, -0.13702259, -0.81454333,  1.98299704,  0.05383328,
       -0.78842941,  1.94285161]), array([-0.13450421, -1.26396731,  2.82968459,  0.03555435, -1.23823389,
        2.79010582, -0.13702108, -0.81454906,  1.98299745,  0.05383494,
       -0.78843167,  1.94284346]), array([-0.134501  , -1.26397725,  2.82969164,  0.03555762, -1.2382387 ,
        2.79010121, -0.13701954, -0.81455518,  1.98299778,  0.05383666,
       -0.78843422,  1.942835  ]), array([-0.1344977 , -1.2639879 ,  2.82969915,  0.03556099, -1.23824406,
        2.79009672, -0.13701796, -0.81456171,  1.98299804,  0.05383843,
       -0.78843707,  1.94282621]), array([-0.13449432, -1.26399925,  2.82970713,  0.03556445, -1.23824998,
        2.79009234, -0.13701634, -0.81456863,  1.98299824,  0.05384027,
       -0.78844021,  1.94281709]), array([-0.13449084, -1.26401133,  2.82971558,  0.03556803, -1.23825645,
        2.79008807, -0.13701468, -0.81457597,  1.98299837,  0.05384217,
       -0.78844365,  1.94280762]), array([-0.13448726, -1.26402414,  2.82972453,  0.03557171, -1.23826349,
        2.79008391, -0.13701297, -0.81458374,  1.98299845,  0.05384413,
       -0.78844738,  1.94279779]), array([-0.13448358, -1.26403771,  2.829734  ,  0.03557551, -1.23827109,
        2.79007985, -0.13701122, -0.81459192,  1.98299847,  0.05384617,
       -0.78845141,  1.94278761]), array([-0.13447978, -1.26405203,  2.829744  ,  0.03557944, -1.23827926,
        2.79007589, -0.13700941, -0.81460055,  1.98299845,  0.05384827,
       -0.78845574,  1.94277706]), array([-0.13447587, -1.26406714,  2.82975455,  0.03558349, -1.23828801,
        2.79007204, -0.13700756, -0.81460962,  1.9829984 ,  0.05385046,
       -0.78846037,  1.94276613]), array([-0.13447184, -1.26408303,  2.82976567,  0.03558768, -1.23829735,
        2.79006828, -0.13700565, -0.81461914,  1.98299832,  0.05385272,
       -0.78846531,  1.94275482]), array([-0.13446768, -1.26409974,  2.82977738,  0.03559201, -1.23830727,
        2.79006462, -0.13700368, -0.81462912,  1.98299823,  0.05385506,
       -0.78847055,  1.94274312]), array([-0.13446338, -1.26411727,  2.82978971,  0.03559649, -1.23831778,
        2.79006106, -0.13700165, -0.81463957,  1.98299813,  0.05385749,
       -0.7884761 ,  1.94273102]), array([-0.13445895, -1.26413564,  2.82980268,  0.03560113, -1.2383289 ,
        2.7900576 , -0.13699956, -0.81465049,  1.98299804,  0.05386001,
       -0.78848196,  1.94271852]), array([-0.13445436, -1.26415487,  2.82981632,  0.03560593, -1.23834062,
        2.79005424, -0.1369974 , -0.81466191,  1.98299797,  0.05386262,
       -0.78848813,  1.94270561]), array([-0.13444963, -1.26417497,  2.82983065,  0.03561089, -1.23835296,
        2.79005098, -0.13699518, -0.81467382,  1.98299793,  0.05386533,
       -0.78849462,  1.94269228]), array([-0.13444473, -1.26419597,  2.82984571,  0.03561604, -1.23836591,
        2.79004783, -0.13699288, -0.81468624,  1.98299793,  0.05386813,
       -0.78850141,  1.94267853]), array([-0.13443966, -1.26421788,  2.82986153,  0.03562137, -1.23837949,
        2.79004479, -0.1369905 , -0.81469918,  1.982998  ,  0.05387105,
       -0.78850853,  1.94266435]), array([-0.13443442, -1.26424072,  2.82987814,  0.03562689, -1.2383937 ,
        2.79004186, -0.13698804, -0.81471264,  1.98299815,  0.05387407,
       -0.78851595,  1.94264974]), array([-0.134429  , -1.26426451,  2.82989557,  0.03563262, -1.23840856,
        2.79003906, -0.1369855 , -0.81472664,  1.98299839,  0.05387721,
       -0.7885237 ,  1.9426347 ]), array([-0.13442338, -1.26428927,  2.82991386,  0.03563856, -1.23842405,
        2.79003638, -0.13698288, -0.81474118,  1.98299875,  0.05388046,
       -0.78853177,  1.94261921]), array([-0.13441756, -1.26431503,  2.82993306,  0.03564472, -1.2384402 ,
        2.79003383, -0.13698016, -0.81475628,  1.98299924,  0.05388384,
       -0.78854015,  1.94260328]), array([-0.13441154, -1.2643418 ,  2.8299532 ,  0.03565111, -1.23845702,
        2.79003143, -0.13697735, -0.81477195,  1.9829999 ,  0.05388735,
       -0.78854885,  1.9425869 ]), array([-0.13440529, -1.26436961,  2.82997432,  0.03565774, -1.23847449,
        2.79002918, -0.13697445, -0.8147882 ,  1.98300074,  0.053891  ,
       -0.78855788,  1.94257008]), array([-0.13439882, -1.26439848,  2.82999647,  0.03566462, -1.23849265,
        2.79002708, -0.13697144, -0.81480504,  1.98300178,  0.05389478,
       -0.78856723,  1.9425528 ]), array([-0.13439212, -1.26442842,  2.83001971,  0.03567176, -1.23851148,
        2.79002516, -0.13696832, -0.81482248,  1.98300306,  0.05389871,
       -0.78857689,  1.94253508]), array([-0.13438516, -1.26445948,  2.83004407,  0.03567918, -1.238531  ,
        2.79002342, -0.13696509, -0.81484053,  1.98300461,  0.05390279,
       -0.78858688,  1.9425169 ]), array([-0.13437795, -1.26449166,  2.83006962,  0.03568688, -1.23855121,
        2.79002188, -0.13696175, -0.81485921,  1.98300645,  0.05390703,
       -0.78859718,  1.94249828]), array([-0.13437047, -1.26452499,  2.83009641,  0.03569488, -1.23857212,
        2.79002055, -0.13695828, -0.81487852,  1.98300862,  0.05391143,
       -0.78860781,  1.9424792 ]), array([-0.13436272, -1.26455951,  2.8301245 ,  0.03570319, -1.23859374,
        2.79001945, -0.13695469, -0.81489847,  1.98301116,  0.053916  ,
       -0.78861874,  1.94245968]), array([-0.13435467, -1.26459522,  2.83015395,  0.03571182, -1.23861606,
        2.79001859, -0.13695097, -0.81491908,  1.9830141 ,  0.05392075,
       -0.78863   ,  1.94243972]), array([-0.13434631, -1.26463217,  2.83018483,  0.03572079, -1.23863911,
        2.790018  , -0.13694712, -0.81494037,  1.98301748,  0.05392568,
       -0.78864156,  1.94241933]), array([-0.13433765, -1.26467037,  2.83021721,  0.03573011, -1.23866287,
        2.79001769, -0.13694312, -0.81496233,  1.98302135,  0.05393081,
       -0.78865343,  1.9423985 ]), array([-0.13432865, -1.26470985,  2.83025116,  0.03573979, -1.23868736,
        2.79001769, -0.13693898, -0.81498498,  1.98302575,  0.05393614,
       -0.7886656 ,  1.94237726]), array([-0.13431932, -1.26475064,  2.83028676,  0.03574986, -1.23871257,
        2.79001803, -0.13693468, -0.81500833,  1.98303073,  0.05394168,
       -0.78867807,  1.94235561]), array([-0.13430962, -1.26479276,  2.83032409,  0.03576033, -1.23873852,
        2.79001872, -0.13693022, -0.8150324 ,  1.98303635,  0.05394743,
       -0.78869084,  1.94233355]), array([-0.13429956, -1.26483625,  2.83036323,  0.03577121, -1.2387652 ,
        2.7900198 , -0.1369256 , -0.81505719,  1.98304266,  0.05395341,
       -0.78870389,  1.94231111]), array([-0.13428911, -1.26488112,  2.83040427,  0.03578252, -1.23879261,
        2.79002129, -0.13692081, -0.81508272,  1.98304972,  0.05395963,
       -0.78871722,  1.9422883 ]), array([-0.13427826, -1.26492741,  2.83044732,  0.03579429, -1.23882076,
        2.79002324, -0.13691584, -0.81510899,  1.98305759,  0.05396609,
       -0.78873082,  1.94226514]), array([-0.13426699, -1.26497514,  2.83049245,  0.03580652, -1.23884964,
        2.79002567, -0.13691068, -0.81513601,  1.98306635,  0.05397281,
       -0.78874468,  1.94224164]), array([-0.13425529, -1.26502434,  2.83053979,  0.03581925, -1.23887926,
        2.79002862, -0.13690533, -0.8151638 ,  1.98307606,  0.05397979,
       -0.78875879,  1.94221783]), array([-0.13424313, -1.26507504,  2.83058944,  0.03583248, -1.2389096 ,
        2.79003214, -0.13689978, -0.81519235,  1.9830868 ,  0.05398704,
       -0.78877314,  1.94219374]), array([-0.13423051, -1.26512726,  2.83064152,  0.03584624, -1.23894067,
        2.79003626, -0.13689402, -0.81522169,  1.98309866,  0.05399459,
       -0.78878771,  1.94216938]), array([-0.1342174 , -1.26518104,  2.83069614,  0.03586056, -1.23897246,
        2.79004104, -0.13688804, -0.81525181,  1.98311171,  0.05400243,
       -0.78880249,  1.9421448 ]), array([-0.13420377, -1.26523639,  2.83075344,  0.03587546, -1.23900496,
        2.79004652, -0.13688184, -0.81528273,  1.98312606,  0.05401059,
       -0.78881746,  1.94212003]), array([-0.13418962, -1.26529334,  2.83081355,  0.03589096, -1.23903816,
        2.79005275, -0.13687541, -0.81531445,  1.9831418 ,  0.05401906,
       -0.78883261,  1.9420951 ]), array([-0.13417491, -1.26535193,  2.83087661,  0.03590709, -1.23907205,
        2.7900598 , -0.13686873, -0.81534697,  1.98315903,  0.05402788,
       -0.78884791,  1.94207005]), array([-0.13415964, -1.26541216,  2.83094277,  0.03592386, -1.23910662,
        2.79006772, -0.1368618 , -0.8153803 ,  1.98317788,  0.05403704,
       -0.78886334,  1.94204494]), array([-0.13414376, -1.26547408,  2.83101219,  0.03594133, -1.23914184,
        2.79007659, -0.13685461, -0.81541444,  1.98319845,  0.05404658,
       -0.78887888,  1.9420198 ]), array([-0.13412727, -1.26553769,  2.83108502,  0.0359595 , -1.23917772,
        2.79008646, -0.13684715, -0.8154494 ,  1.98322088,  0.05405649,
       -0.7888945 ,  1.94199471]), array([-0.13411013, -1.26560303,  2.83116146,  0.0359784 , -1.23921421,
        2.79009742, -0.13683941, -0.81548517,  1.98324529,  0.05406679,
       -0.78891017,  1.94196971]), array([-0.13409232, -1.2656701 ,  2.83124167,  0.03599808, -1.2392513 ,
        2.79010954, -0.13683137, -0.81552175,  1.98327183,  0.05407751,
       -0.78892585,  1.94194487]), array([-0.13407381, -1.26573894,  2.83132585,  0.03601857, -1.23928895,
        2.79012291, -0.13682303, -0.81555914,  1.98330066,  0.05408866,
       -0.78894152,  1.94192027]), array([-0.13405458, -1.26580957,  2.8314142 ,  0.03603989, -1.23932715,
        2.79013762, -0.13681438, -0.81559733,  1.98333193,  0.05410025,
       -0.78895714,  1.94189598]), array([-0.13403459, -1.26588198,  2.83150694,  0.03606208, -1.23936585,
        2.79015377, -0.13680539, -0.81563632,  1.98336582,  0.05411231,
       -0.78897266,  1.94187208]), array([-0.13401382, -1.26595621,  2.83160428,  0.03608518, -1.23940502,
        2.79017145, -0.13679607, -0.8156761 ,  1.98340251,  0.05412484,
       -0.78898803,  1.94184867]), array([-0.13399223, -1.26603226,  2.83170647,  0.03610923, -1.23944461,
        2.79019078, -0.13678639, -0.81571665,  1.98344219,  0.05413789,
       -0.78900322,  1.94182585]), array([-0.13396979, -1.26611013,  2.83181375,  0.03613427, -1.23948457,
        2.79021187, -0.13677635, -0.81575797,  1.98348506,  0.05415145,
       -0.78901816,  1.94180371]), array([-0.13394647, -1.26618985,  2.83192638,  0.03616033, -1.23952486,
        2.79023485, -0.13676593, -0.81580004,  1.98353135,  0.05416556,
       -0.78903281,  1.94178239]), array([-0.13392223, -1.26627141,  2.83204464,  0.03618747, -1.23956541,
        2.79025986, -0.13675511, -0.81584283,  1.98358129,  0.05418024,
       -0.78904708,  1.941762  ]), array([-0.13389704, -1.26635481,  2.83216882,  0.03621573, -1.23960617,
        2.79028702, -0.13674388, -0.81588632,  1.98363512,  0.0541955 ,
       -0.78906093,  1.94174268]), array([-0.13387085, -1.26644005,  2.83229921,  0.03624515, -1.23964705,
        2.7903165 , -0.13673223, -0.81593049,  1.98369311,  0.05421139,
       -0.78907428,  1.94172458]), array([-0.13384363, -1.26652712,  2.83243614,  0.03627578, -1.23968799,
        2.79034845, -0.13672013, -0.81597531,  1.98375553,  0.05422791,
       -0.78908705,  1.94170784]), array([-0.13381534, -1.26661601,  2.83257995,  0.03630768, -1.23972889,
        2.79038304, -0.13670758, -0.81602074,  1.98382267,  0.05424509,
       -0.78909915,  1.94169265]), array([-0.13378593, -1.2667067 ,  2.832731  ,  0.0363409 , -1.23976968,
        2.79042044, -0.13669455, -0.81606674,  1.98389486,  0.05426297,
       -0.7891105 ,  1.94167918]), array([-0.13375536, -1.26679918,  2.83288964,  0.03637549, -1.23981024,
        2.79046087, -0.13668103, -0.81611328,  1.98397242,  0.05428157,
       -0.78912099,  1.94166762]), array([-0.13372358, -1.26689341,  2.83305628,  0.03641152, -1.23985048,
        2.7905045 , -0.136667  , -0.81616029,  1.9840557 ,  0.05430093,
       -0.78913053,  1.94165819]), array([-0.13369055, -1.26698936,  2.83323133,  0.03644904, -1.23989026,
        2.79055157, -0.13665244, -0.81620773,  1.98414507,  0.05432106,
       -0.78913899,  1.94165112]), array([-0.13365621, -1.267087  ,  2.83341523,  0.03648812, -1.23992947,
        2.79060231, -0.13663732, -0.81625553,  1.98424094,  0.05434201,
       -0.78914627,  1.94164664]), array([-0.13362051, -1.26718627,  2.83360842,  0.03652883, -1.23996796,
        2.79065695, -0.13662164, -0.81630363,  1.98434371,  0.0543638 ,
       -0.78915222,  1.94164502]), array([-0.1335834 , -1.26728712,  2.8338114 ,  0.03657122, -1.24000559,
        2.79071575, -0.13660536, -0.81635195,  1.98445384,  0.05438648,
       -0.78915672,  1.94164653]), array([-0.13354483, -1.2673895 ,  2.83402467,  0.03661538, -1.24004218,
        2.790779  , -0.13658847, -0.81640042,  1.9845718 ,  0.05441008,
       -0.7891596 ,  1.94165146]), array([-0.13350472, -1.26749331,  2.83424877,  0.03666138, -1.24007757,
        2.79084698, -0.13657093, -0.81644894,  1.98469809,  0.05443463,
       -0.78916072,  1.94166015]), array([-0.13346303, -1.2675985 ,  2.83448425,  0.0367093 , -1.24011157,
        2.79092001, -0.13655274, -0.81649742,  1.98483323,  0.05446018,
       -0.78915989,  1.94167293]), array([-0.13341969, -1.26770496,  2.8347317 ,  0.03675922, -1.24014397,
        2.79099841, -0.13653386, -0.81654575,  1.98497779,  0.05448677,
       -0.78915694,  1.94169017]), array([-0.13337463, -1.26781258,  2.83499175,  0.03681122, -1.24017454,
        2.79108253, -0.13651427, -0.81659381,  1.98513236,  0.05451443,
       -0.78915167,  1.94171225]), array([-0.13332779, -1.26792126,  2.83526506,  0.0368654 , -1.24020306,
        2.79117274, -0.13649395, -0.81664147,  1.98529757,  0.05454322,
       -0.78914387,  1.9417396 ]), array([-0.13327909, -1.26803087,  2.8355523 ,  0.03692185, -1.24022926,
        2.79126944, -0.13647285, -0.81668861,  1.9854741 ,  0.05457318,
       -0.78913331,  1.94177266]), array([-0.13322846, -1.26814125,  2.8358542 ,  0.03698065, -1.24025287,
        2.79137305, -0.13645097, -0.81673506,  1.98566264,  0.05460436,
       -0.78911975,  1.9418119 ]), array([-0.13317582, -1.26825226,  2.83617154,  0.03704192, -1.24027359,
        2.79148399, -0.13642826, -0.81678067,  1.98586396,  0.05463681,
       -0.78910294,  1.94185785]), array([-0.1331211 , -1.26836372,  2.83650509,  0.03710577, -1.2402911 ,
        2.79160274, -0.13640469, -0.81682525,  1.98607883,  0.05467058,
       -0.7890826 ,  1.94191103]), array([-0.1330642 , -1.26847544,  2.83685572,  0.03717229, -1.24030507,
        2.7917298 , -0.13638024, -0.81686862,  1.9863081 ,  0.05470573,
       -0.78905845,  1.94197203]), array([-0.13300505, -1.2685872 ,  2.83722431,  0.0372416 , -1.24031512,
        2.79186569, -0.13635487, -0.81691058,  1.98655267,  0.05474231,
       -0.78903016,  1.94204146]), array([-0.13294356, -1.26869877,  2.83761178,  0.03731383, -1.24032087,
        2.79201097, -0.13632855, -0.81695089,  1.98681346,  0.05478039,
       -0.78899741,  1.94211999]), array([-0.13287962, -1.26880991,  2.83801913,  0.0373891 , -1.24032188,
        2.79216622, -0.13630125, -0.81698932,  1.98709149,  0.05482001,
       -0.78895983,  1.94220831]), array([-0.13281315, -1.26892033,  2.83844738,  0.03746754, -1.24031772,
        2.79233206, -0.13627292, -0.81702561,  1.98738779,  0.05486126,
       -0.78891706,  1.94230717]), array([-0.13274404, -1.26902974,  2.83889762,  0.03754928, -1.24030789,
        2.79250915, -0.13624353, -0.81705948,  1.98770349,  0.05490419,
       -0.78886869,  1.94241736]), array([-0.13267218, -1.2691378 ,  2.83937098,  0.03763447, -1.24029187,
        2.7926982 , -0.13621303, -0.81709062,  1.98803977,  0.05494888,
       -0.78881428,  1.94253974]), array([-0.13259747, -1.26924417,  2.83986868,  0.03772325, -1.24026913,
        2.79289993, -0.1361814 , -0.81711873,  1.98839787,  0.05499539,
       -0.78875338,  1.94267521]), array([-0.1325198 , -1.26934845,  2.84039196,  0.03781578, -1.24023905,
        2.79311512, -0.13614859, -0.81714344,  1.98877911,  0.05504381,
       -0.78868551,  1.94282471]), array([-0.13243905, -1.26945024,  2.84094215,  0.03791222, -1.24020102,
        2.7933446 , -0.13611455, -0.81716438,  1.98918489,  0.05509421,
       -0.78861015,  1.94298927]), array([-0.13235509, -1.26954907,  2.84152065,  0.03801273, -1.24015434,
        2.79358924, -0.13607925, -0.81718116,  1.98961669,  0.05514667,
       -0.78852674,  1.94316997]), array([-0.13226779, -1.26964445,  2.84212892,  0.0381175 , -1.24009831,
        2.79384995, -0.13604262, -0.81719335,  1.99007606,  0.05520129,
       -0.78843469,  1.94336797]), array([-0.13217703, -1.26973587,  2.8427685 ,  0.0382267 , -1.24003216,
        2.79412771, -0.13600464, -0.81720048,  1.99056465,  0.05525814,
       -0.78833339,  1.94358448]), array([-0.13208267, -1.26982274,  2.84344099,  0.03834052, -1.23995505,
        2.79442353, -0.13596523, -0.81720207,  1.9910842 ,  0.05531731,
       -0.78822218,  1.9438208 ]), array([-0.13198456, -1.26990445,  2.8441481 ,  0.03845916, -1.23986611,
        2.79473851, -0.13592437, -0.81719758,  1.99163655,  0.05537892,
       -0.78810034,  1.9440783 ]), array([-0.13188256, -1.26998034,  2.8448916 ,  0.03858283, -1.23976441,
        2.79507377, -0.13588199, -0.81718646,  1.99222364,  0.05544305,
       -0.78796713,  1.94435846]), array([-0.13177651, -1.2700497 ,  2.84567337,  0.03871175, -1.23964895,
        2.79543053, -0.13583803, -0.8171681 ,  1.99284753,  0.05550981,
       -0.78782176,  1.94466282]), array([-0.13166625, -1.27011175,  2.84649536,  0.03884613, -1.23951866,
        2.79581005, -0.13579244, -0.81714186,  1.99351037,  0.05557931,
       -0.78766338,  1.94499302]), array([-0.13155162, -1.27016567,  2.84735963,  0.03898621, -1.23937243,
        2.79621366, -0.13574517, -0.81710705,  1.99421446,  0.05565165,
       -0.7874911 ,  1.9453508 ]), array([-0.13143243, -1.27021058,  2.84826834,  0.03913223, -1.23920903,
        2.79664278, -0.13569615, -0.81706293,  1.9949622 ,  0.05572697,
       -0.78730398,  1.94573802]), array([-0.13130853, -1.27024552,  2.84922375,  0.03928446, -1.2390272 ,
        2.79709888, -0.13564532, -0.81700873,  1.99575614,  0.05580537,
       -0.787101  ,  1.94615663]), array([-0.13117971, -1.27026948,  2.85022823,  0.03944314, -1.23882557,
        2.79758353, -0.13559261, -0.81694362,  1.99659896,  0.05588698,
       -0.78688111,  1.94660869]), array([-0.13104579, -1.27028136,  2.85128427,  0.03960857, -1.23860268,
        2.79809837, -0.13553796, -0.8168667 ,  1.99749349,  0.05597194,
       -0.78664316,  1.94709641]), array([-0.13090656, -1.27027998,  2.85239447,  0.03978101, -1.238357  ,
        2.79864512, -0.1354813 , -0.81677703,  1.99844271,  0.05606038,
       -0.78638597,  1.94762209]), array([-0.13076182, -1.2702641 ,  2.85356157,  0.03996078, -1.23808688,
        2.7992256 , -0.13542256, -0.8166736 ,  1.99944977,  0.05615244,
       -0.78610828,  1.9481882 ]), array([-0.13061136, -1.27023237,  2.85478841,  0.04014818, -1.2377906 ,
        2.79984172, -0.13536166, -0.81655534,  2.00051797,  0.05624826,
       -0.78580873,  1.94879733]), array([-0.13045494, -1.27018337,  2.85607799,  0.04034353, -1.23746629,
        2.80049547, -0.13529853, -0.81642112,  2.0016508 ,  0.05634801,
       -0.78548591,  1.94945222]), array([-0.13029234, -1.27011555,  2.85743342,  0.04054718, -1.237112  ,
        2.80118897, -0.13523309, -0.81626972,  2.00285193,  0.05645183,
       -0.78513833,  1.95015576]), array([-0.13012333, -1.27002728,  2.85885799,  0.04075945, -1.23672565,
        2.80192441, -0.13516526, -0.81609986,  2.00412523,  0.05655989,
       -0.78476439,  1.95091101]), array([-0.12994764, -1.26991682,  2.8603551 ,  0.04098073, -1.23630503,
        2.80270411, -0.13509496, -0.81591019,  2.00547475,  0.05667236,
       -0.78436243,  1.9517212 ]), array([-0.12976503, -1.2697823 ,  2.86192832,  0.04121139, -1.2358478 ,
        2.8035305 , -0.1350221 , -0.81569924,  2.00690478,  0.05678941,
       -0.78393067,  1.95258974]), array([-0.12957523, -1.26962173,  2.86358139,  0.04145181, -1.23535148,
        2.8044061 , -0.1349466 , -0.8154655 ,  2.00841981,  0.05691123,
       -0.78346724,  1.9535202 ]), array([-0.12937797, -1.26943301,  2.86531819,  0.04170241, -1.23481344,
        2.80533357, -0.13486837, -0.81520733,  2.01002455,  0.05703799,
       -0.78297017,  1.95451638]), array([-0.12917295, -1.26921389,  2.86714277,  0.0419636 , -1.23423091,
        2.8063157 , -0.13478731, -0.81492302,  2.01172397,  0.05716991,
       -0.78243739,  1.95558226]), array([-0.1289599 , -1.26896195,  2.86905937,  0.04223583, -1.23360092,
        2.80735538, -0.13470333, -0.81461074,  2.01352329,  0.05730716,
       -0.7818667 ,  1.95672204]), array([-0.1287385 , -1.26867467,  2.87107238,  0.04251954, -1.23292038,
        2.80845565, -0.13461633, -0.81426858,  2.01542796,  0.05744997,
       -0.78125578,  1.95794013]), array([-0.12850844, -1.26834932,  2.87318641,  0.04281521, -1.23218599,
        2.80961966, -0.13452621, -0.81389449,  2.01744372,  0.05759854,
       -0.78060221,  1.95924119]), array([-0.1282694 , -1.26798303,  2.87540621,  0.04312331, -1.23139425,
        2.81085071, -0.13443288, -0.81348632,  2.01957658,  0.0577531 ,
       -0.77990342,  1.96063008]), array([-0.12802105, -1.26757274,  2.87773676,  0.04344437, -1.2305415 ,
        2.81215225, -0.13433622, -0.8130418 ,  2.02183286,  0.05791387,
       -0.77915672,  1.96211196]), array([-0.12776304, -1.26711521,  2.8801832 ,  0.04377889, -1.22962385,
        2.81352784, -0.13423613, -0.81255853,  2.02421915,  0.05808108,
       -0.77835926,  1.96369219]), array([-0.12749502, -1.266607  ,  2.8827509 ,  0.04412742, -1.22863718,
        2.81498121, -0.13413251, -0.81203399,  2.02674237,  0.05825498,
       -0.77750807,  1.96537645]), array([-0.12721662, -1.26604447,  2.88544539,  0.04449052, -1.22757719,
        2.81651623, -0.13402524, -0.8114655 ,  2.02940976,  0.0584358 ,
       -0.7766    ,  1.96717066]), array([-0.12692747, -1.26542376,  2.88827246,  0.04486876, -1.22643929,
        2.81813689, -0.1339142 , -0.81085027,  2.03222889,  0.05862382,
       -0.77563179,  1.96908103]), array([-0.12662719, -1.26474077,  2.89123805,  0.04526274, -1.22521867,
        2.81984737, -0.13379929, -0.81018533,  2.03520767,  0.05881929,
       -0.77459996,  1.97111409]), array([-0.12631537, -1.26399117,  2.89434834,  0.04567308, -1.22391027,
        2.82165198, -0.13368039, -0.80946758,  2.03835438,  0.05902247,
       -0.7735009 ,  1.97327666]), array([-0.12599161, -1.2631704 ,  2.89760971,  0.04610041, -1.22250875,
        2.82355518, -0.13355738, -0.80869375,  2.04167765,  0.05923364,
       -0.77233081,  1.97557586]), array([-0.12565549, -1.26227362,  2.90102877,  0.04654539, -1.22100847,
        2.82556156, -0.13343013, -0.80786039,  2.0451865 ,  0.05945309,
       -0.77108572,  1.97801917]), array([-0.12530659, -1.26129572,  2.90461231,  0.0470087 , -1.21940353,
        2.82767591, -0.13329854, -0.80696391,  2.04889034,  0.0596811 ,
       -0.76976146,  1.98061437]), array([-0.12494445, -1.2602313 ,  2.90836736,  0.04749104, -1.2176877 ,
        2.82990312, -0.13316246, -0.80600052,  2.05279897,  0.05991797,
       -0.76835367,  1.98336962]), array([-0.12456863, -1.25907467,  2.91230115,  0.04799311, -1.21585444,
        2.83224825, -0.13302179, -0.80496624,  2.05692261,  0.060164  ,
       -0.76685779,  1.98629341]), array([-0.12417867, -1.25781983,  2.91642113,  0.04851567, -1.21389688,
        2.8347165 , -0.13287638, -0.80385693,  2.06127192,  0.06041951,
       -0.76526905,  1.9893946 ]), array([-0.12377408, -1.25646044,  2.92073494,  0.04905948, -1.21180781,
        2.8373132 , -0.13272612, -0.80266821,  2.06585797,  0.06068482,
       -0.76358249,  1.99268243]), array([-0.12335439, -1.25498985,  2.92525045,  0.04962533, -1.20957964,
        2.84004384, -0.13257088, -0.80139554,  2.07069229,  0.06096023,
       -0.76179289,  1.99616653]), array([-0.12291909, -1.25340104,  2.92997573,  0.05021401, -1.20720442,
        2.84291403, -0.13241052, -0.80003413,  2.07578687,  0.0612461 ,
       -0.75989484,  1.9998569 ]), array([-0.12246768, -1.2516866 ,  2.93491903,  0.05082637, -1.20467382,
        2.84592949, -0.13224492, -0.79857901,  2.08115417,  0.06154276,
       -0.75788268,  2.00376398]), array([-0.12199963, -1.24983879,  2.94008883,  0.05146326, -1.2019791 ,
        2.84909609, -0.13207393, -0.79702498,  2.08680714,  0.06185055,
       -0.75575051,  2.00789859]), array([-0.12151441, -1.24784942,  2.94549377,  0.05212556, -1.19911109,
        2.8524198 , -0.13189744, -0.79536658,  2.09275922,  0.06216983,
       -0.75349219,  2.01227198]), array([-0.12101148, -1.24570991,  2.9511427 ,  0.05281417, -1.1960602 ,
        2.85590669, -0.1317153 , -0.79359815,  2.09902434,  0.06250096,
       -0.75110133,  2.01689584]), array([-0.12049028, -1.24341124,  2.95704463,  0.05353002, -1.19281639,
        2.85956293, -0.13152739, -0.79171378,  2.10561699,  0.06284431,
       -0.74857127,  2.0217823 ]), array([-0.11995025, -1.24094396,  2.96320874,  0.05427406, -1.18936914,
        2.86339478, -0.13133356, -0.78970731,  2.11255214,  0.06320025,
       -0.74589509,  2.02694392]), array([-0.11939079, -1.23829812,  2.96964439,  0.05504728, -1.18570745,
        2.86740858, -0.13113368, -0.78757231,  2.11984536,  0.06356917,
       -0.74306561,  2.03239376]), array([-0.11881133, -1.23546331,  2.97636108,  0.05585067, -1.18181983,
        2.87161072, -0.13092761, -0.78530211,  2.12751273,  0.06395145,
       -0.74007535,  2.03814531]), array([-0.11821125, -1.23242861,  2.98336843,  0.05668527, -1.17769424,
        2.87600766, -0.13071523, -0.78288977,  2.13557092,  0.06434749,
       -0.73691656,  2.04421256]), array([-0.11758996, -1.22918256,  2.99067622,  0.05755214, -1.17331814,
        2.88060588, -0.13049639, -0.78032805,  2.14403718,  0.06475769,
       -0.73358118,  2.05061   ]), array([-0.11694682, -1.22571315,  2.99829434,  0.05845235, -1.16867838,
        2.88541191, -0.13027095, -0.77760944,  2.15292937,  0.06518247,
       -0.73006086,  2.05735259]), array([-0.11628122, -1.22200781,  3.00623276,  0.05938701, -1.16376125,
        2.89043227, -0.1300388 , -0.77472614,  2.16226596,  0.06562225,
       -0.72634694,  2.06445585]), array([-0.11559249, -1.21805336,  3.01450158,  0.06035725, -1.15855243,
        2.89567347, -0.12979979, -0.77167003,  2.17206604,  0.06607744,
       -0.72243043,  2.0719358 ]), array([-0.11488001, -1.21383596,  3.02311093,  0.06136424, -1.15303694,
        2.90114202, -0.12955379, -0.76843268,  2.18234939,  0.06654849,
       -0.71830202,  2.07980902]), array([-0.1141431 , -1.20934115,  3.03207103,  0.06240915, -1.14719912,
        2.90684435, -0.12930067, -0.76500532,  2.19313644,  0.06703582,
       -0.71395203,  2.08809267]), array([-0.1133811 , -1.20455371,  3.04139215,  0.06349323, -1.14102261,
        2.91278686, -0.1290403 , -0.76137885,  2.20444835,  0.0675399 ,
       -0.70937043,  2.09680447]), array([-0.11259332, -1.19945771,  3.05108459,  0.0646177 , -1.13449028,
        2.91897585, -0.12877253, -0.75754378,  2.21630705,  0.06806119,
       -0.7045468 ,  2.1059628 ]), array([-0.11177907, -1.1940364 ,  3.0611587 ,  0.06578388, -1.12758417,
        2.92541749, -0.12849724, -0.75349024,  2.22873526,  0.06860016,
       -0.69947029,  2.11558666]), array([-0.11093761, -1.18827215,  3.07162486,  0.06699309, -1.12028544,
        2.93211782, -0.12821426, -0.74920794,  2.24175657,  0.0691573 ,
       -0.69412963,  2.12569572]), array([-0.11006818, -1.18214644,  3.08249347,  0.06824674, -1.1125743 ,
        2.93908272, -0.12792343, -0.74468616,  2.25539548,  0.06973316,
       -0.68851304,  2.13631042]), array([-0.10916999, -1.17563974,  3.09377499,  0.06954629, -1.1044299 ,
        2.94631783, -0.12762456, -0.73991368,  2.26967755,  0.07032827,
       -0.68260822,  2.14745192]), array([-0.10824218, -1.16873145,  3.10547995,  0.07089328, -1.09583027,
        2.95382857, -0.12731742, -0.73487879,  2.28462944,  0.07094325,
       -0.6764023 ,  2.15914225]), array([-0.1072838 , -1.16139981,  3.11761897,  0.07228936, -1.08675218,
        2.96162005, -0.12700173, -0.7295692 ,  2.30027904,  0.07157874,
       -0.66988176,  2.1714043 ]), array([-0.10629383, -1.15362183,  3.13020278,  0.07373631, -1.07717105,
        2.96969706, -0.12667718, -0.72397207,  2.3166556 ,  0.07223546,
       -0.6630324 ,  2.18426191]), array([-0.10527113, -1.1453732 ,  3.1432423 ,  0.07523604, -1.06706083,
        2.97806403, -0.12634336, -0.7180739 ,  2.33378989,  0.0729142 ,
       -0.65583925,  2.19773994]), array([-0.1042144 , -1.13662818,  3.15674862,  0.07679063, -1.05639388,
        2.98672495, -0.1259998 , -0.71186053,  2.35171427,  0.07361585,
       -0.64828653,  2.21186434]), array([-0.10312223, -1.12735954,  3.17073308,  0.07840233, -1.04514089,
        2.99568339, -0.12564592, -0.70531711,  2.37046291,  0.07434138,
       -0.64035762,  2.22666223]), array([-0.10199303, -1.11753853,  3.18520727,  0.08007359, -1.03327083,
        3.00494243, -0.12528105, -0.69842805,  2.39007182,  0.07509188,
       -0.632035  ,  2.24216194]), array([-0.10082504, -1.10713475,  3.200183  ,  0.08180703, -1.02075087,
        3.01450467, -0.12490443, -0.69117705,  2.41057896,  0.07586852,
       -0.62330026,  2.25839309]), array([-0.09961641, -1.09611619,  3.21567228,  0.08360543, -1.0075464 ,
        3.02437224, -0.1245152 , -0.68354704,  2.43202423,  0.07667256,
       -0.6141341 ,  2.27538668]), array([-0.09836517, -1.08444916,  3.23168715,  0.08547165, -0.99362112,
        3.03454683, -0.12411249, -0.67552021,  2.45444945,  0.07750529,
       -0.60451641,  2.29317508]), array([-0.09706939, -1.07209827,  3.24823948,  0.08740861, -0.97893712,
        3.04502975, -0.12369539, -0.66707798,  2.4778982 ,  0.07836802,
       -0.59442636,  2.31179216]), array([-0.09572726, -1.05902636,  3.26534071,  0.08941908, -0.96345502,
        3.05582202, -0.1232631 , -0.65820099,  2.50241559,  0.07926197,
       -0.58384247,  2.33127331]), array([-0.09433725, -1.04519441,  3.28300133,  0.09150559, -0.94713412,
        3.0669245 , -0.12281496, -0.64886901,  2.52804797,  0.08018821,
       -0.57274276,  2.35165558]), array([-0.09289836, -1.03056119,  3.3012304 ,  0.09367021, -0.92993243,
        3.07833798, -0.12235061, -0.63906078,  2.55484263,  0.08114755,
       -0.56110476,  2.37297792]), array([-0.0914103 , -1.01508283,  3.32003487,  0.09591431, -0.91180649,
        3.09006338, -0.1218701 , -0.62875369,  2.58284759,  0.08214038,
       -0.54890551,  2.39528149]), array([-0.08987375, -0.99871181,  3.33941883,  0.09823836, -0.89271085,
        3.10210177, -0.12137401, -0.61792322,  2.61211157,  0.08316663,
       -0.53612122,  2.41861035]), array([-0.08829061, -0.98139548,  3.35938288,  0.10064175, -0.87259685,
        3.11445439, -0.12086353, -0.60654205,  2.64268452,  0.0842256 ,
       -0.52272659,  2.44301247]), array([-0.08666406, -0.9630736 ,  3.37992351,  0.10312272, -0.85141039,
        3.12712251, -0.12034053, -0.59457856,  2.67461904,  0.085316  ,
       -0.50869353,  2.46854137]), array([-0.08499851, -0.94367465,  3.40103298,  0.10567845, -0.82908817,
        3.14010697, -0.11980746, -0.58199472,  2.70797305,  0.08643599,
       -0.49398891,  2.49525874]), array([-0.08329931, -0.92311041,  3.42269977,  0.10830548, -0.8055518 ,
        3.15340741, -0.11926708, -0.5687429 ,  2.74281471,  0.0875834 ,
       -0.47857109,  2.52323817]), array([-0.0815719 , -0.90126815,  3.44491002,  0.11100056, -0.78069891,
        3.16702091, -0.11872191, -0.5547614 ,  2.77923026,  0.08875622,
       -0.46238458,  2.55257076]), array([-0.07982039, -0.87799976,  3.46765061,  0.11376218, -0.7543903 ,
        3.18093981, -0.11817336, -0.53996819,  2.81733601,  0.0899534 ,
       -0.44535238,  2.58337296]), array([-0.07804521, -0.85310689,  3.49091428,  0.11659297, -0.72643181,
        3.19514847, -0.11762026, -0.52425253,  2.85729613,  0.09117604,
       -0.42736501,  2.61579747]), array([-0.07623949, -0.82632089,  3.51470782,  0.11950333, -0.69654936,
        3.20961852, -0.11705671, -0.50746365,  2.89934796,  0.09242928,
       -0.40826561,  2.65004804]), array([-0.07438369, -0.7972765 ,  3.53906427,  0.12251677, -0.66435534,
        3.22430188, -0.11646897, -0.48939603,  2.94383734,  0.09372486,
       -0.38782957,  2.68639903]), array([-0.07243791, -0.76547749,  3.56406047,  0.12567742, -0.62930404,
        3.23912068, -0.11583111, -0.46977035,  2.99126673,  0.09508482,
       -0.36573759,  2.72522086]), array([-0.07033087, -0.73025283,  3.5898417 ,  0.12906074, -0.59063337,
        3.25395266, -0.11509884, -0.44820933,  3.04236004,  0.09654652,
       -0.34154019,  2.76701212]), array([-0.06794434, -0.69070141,  3.61665573,  0.13278833, -0.54728981,
        3.26860975, -0.11420116, -0.42420747,  3.09814855,  0.09816956,
       -0.31461168,  2.81243908]), array([-0.06509117, -0.64562328,  3.644899  ,  0.13704874, -0.49783257,
        3.28280659, -0.11302867, -0.39709382,  3.16008386,  0.10004537,
       -0.28409058,  2.86238259]), array([-0.06148418, -0.59343519,  3.67517887,  0.14212649, -0.44031256,
        3.2961136 , -0.11141753, -0.36598677,  3.23018558,  0.10231032,
       -0.24880302,  2.91799138]), array([-0.05669186, -0.53206753,  3.70839639,  0.14844282, -0.37212063,
        3.30788658, -0.1091271 , -0.32973998,  3.31123388,  0.10516402,
       -0.20716396,  2.98073858]), array([-0.05007534, -0.45883881,  3.7458547 ,  0.15661286, -0.28979887,
        3.31716026, -0.1058085 , -0.28687887,  3.4070211 ,  0.10889513,
       -0.15704907,  3.05247543]), array([-0.04069824, -0.37030126,  3.78939667,  0.16752544, -0.18880827,
        3.32248638, -0.10095977, -0.23552771,  3.52268219,  0.11391845,
       -0.09562623,  3.13546979]), array([-0.02719958, -0.2620468 ,  3.84156752,  0.18245238, -0.06325043,
        3.32168643, -0.09386009, -0.1733304 ,  3.66513107,  0.1208299 ,
       -0.01912999,  3.23240566]), array([-0.00761944, -0.12845579,  3.90577338,  0.20318982,  0.09443948,
        3.3114756 , -0.0834697 , -0.09737799,  3.84363915,  0.13049209,
        0.07744728,  3.34629585]), array([ 0.02082238,  0.03763008,  3.98635465,  0.23221449,  0.29372638,
        3.28692305, -0.06826863, -0.00419011,  4.07061303,  0.1441749 ,
        0.20078386,  3.48021749]), array([ 0.06195727,  0.24527249,  4.0884783 ,  0.27276927,  0.54568658,
        3.24091182, -0.04598747,  0.11008171,  4.36274893,  0.16378955,
        0.35979349,  3.63676889]), array([ 0.12077745,  0.505425  ,  4.21837443,  0.32860131,  0.86033603,
        3.16500881, -0.01320615,  0.24864324,  4.74345419,  0.19219597,
        0.56610447,  3.8175941 ]), array([0.20339759, 0.8284561 , 4.38920901, 0.40298692, 1.23477153,
       3.05870151, 0.03463649, 0.41050762, 5.25088442, 0.2328693 ,
       0.83282412, 4.02661118]), array([0.3218957 , 1.21167955, 4.66589665, 0.50223946, 1.62108056,
       2.968462  , 0.09734746, 0.58346823, 5.96856158, 0.28316464,
       1.16266852, 4.298063  ]), array([0.56994514, 1.60190516, 5.46137904, 0.70680393, 1.9567604 ,
       3.09273761, 0.10250952, 0.80404664, 7.10161274, 0.26914564,
       1.48475098, 4.84187358]), array([ 1.03168752,  1.51654406,  7.77924804,  1.2084668 ,  1.99605561,
        4.15671338, -0.32080396,  1.24958033,  8.31943606, -0.03498606,
        1.30751655,  6.03735781]), array([ 1.98481352, -5.05821745, -5.61503226,  0.58624995,  2.08568004,
        8.45014217, -3.90899114,  4.84039526,  8.05631191, -1.67145551,
        2.96590213,  4.70284579]), array([ 0.57710538,  0.94019309,  0.45557433,  3.23052141,  0.17175921,
        5.28230771, -2.4503706 ,  2.37139536,  8.98718312, -0.70502304,
        0.60291043,  0.4544637 ]), array([ 0.71321706,  0.13738051, -0.15711484,  3.40500476, -1.12839385,
        6.18233047, -3.20346239,  2.16226509,  8.99239241, -0.73858685,
        0.31581708, -0.07634631]), array([ 0.76770483,  0.09672435, -0.22657677,  3.38373441, -2.02683255,
        6.63794372, -3.54767213,  1.8050227 ,  8.81331373, -0.78218893,
        0.30743134, -0.12544658]), array([ 0.79154829,  0.08608892, -0.24353483,  3.3082139 , -2.58845355,
        6.84585936, -3.7014148 ,  1.51857636,  8.57326686, -0.80150281,
        0.31150584, -0.14056026]), array([ 0.8208152 ,  0.0409225 , -0.25513592,  3.22350824, -2.85941964,
        6.92196448, -3.76147074,  1.35957675,  8.38050671, -0.80701059,
        0.31767708, -0.14707272]), array([ 0.70297352, -0.03572012, -0.1360789 ,  3.27042287, -2.73735534,
        6.60705045, -3.5765729 ,  1.32316773,  8.15610164, -0.79270639,
        0.32522026, -0.15116685]), array([-0.25543805,  0.59524585,  1.64670909,  4.12271716, -2.07990051,
        4.8429427 , -2.35913808,  0.99659582,  7.73876115, -0.74620167,
        0.33565222, -0.1566377 ]), array([ 0.73050638,  0.09884744, -0.01285943,  3.31212643, -1.95550936,
        6.2769242 , -3.41995704,  1.71165694,  8.36811222, -0.7551689 ,
        0.34114245, -0.15313868]), array([ 9.41731497e-01,  5.86947860e-03, -2.91304015e-01,  3.46510352e+00,
       -1.95903155e+00,  7.17922286e+00, -3.85166777e+00,  2.05956037e+00,
        9.38313836e+00, -8.12092871e-01,  3.44580083e-01, -1.45786320e-01]), array([ 0.80281289,  0.24693551, -0.22129266,  3.91583027, -2.21119065,
        7.56864903, -4.05678529,  2.06368865, 10.04645703, -0.86022246,
        0.3453043 , -0.13179164]), array([ 0.87357958,  0.18141319, -0.18659713,  5.13145418, -2.89470944,
        8.4640854 , -3.17521388,  1.64386581, 10.8690825 , -2.20563732,
       -4.04766538, -5.45528511]), array([ 0.76102316, -0.05401998, -0.26320935,  3.14693003, -0.81414269,
        5.73243486, -3.11383722,  2.1068911 ,  8.47616517, -0.62902312,
        1.02127332,  0.53521326]), array([ 0.61688613, -0.05921506, -0.25787867,  1.95951704, -2.06847709,
        5.00069169, -2.4842595 ,  0.64754357,  5.6867996 , -0.57316884,
        0.09688164, -0.16521632]), array([ 0.45478621, -0.1814518 , -0.2588545 , -0.15394511, -6.3141113 ,
        4.00294727, -2.3356389 , -1.9095208 ,  0.50743316, -0.4349951 ,
       -0.23594478, -0.18577424]), array([  1.18041493,   0.19368302,  -0.28036289,  -2.07281133,
       -17.19524981,   6.41628433,  -3.28482132,  -3.12153707,
         0.16784498,  -1.65900545,  -1.53710214,  -0.32320523]), array([  2.53054403,   4.45926136,  -1.08481137,  -4.3924562 ,
       -27.74673327,  10.22578652,  -6.35408657,  -9.22212475,
         0.6191973 ,   0.32961257,   7.5514075 ,   2.61468533]), array([0., 0., 0., 0., 0., 0., 0., 0., 0., 0., 0., 0.]), array([ 0.68371549,  0.01915912, -0.12600413,  0.42044511,  3.0536382 ,
        5.87801611, -1.26828273,  2.1073454 ,  3.4492072 , -0.60978486,
       -3.4678729 , -5.50748845]), array([ 0.43633881, -0.03365282, -0.26732244,  3.25995688, -1.47138602,
        3.09119029, -2.96839221,  1.5327969 ,  5.39265011, -0.5321891 ,
       -0.45003463,  0.60557105]), array([ 2.94513570e+00, -5.43366009e-01,  2.62731467e-03,  7.73865494e-01,
       -3.13712153e+01,  2.94009298e+01, -1.53718094e+01, -8.12712919e+00,
        9.89766796e+00, -1.86357366e+00,  8.25645617e-01,  1.31603126e+00]), array([  1.9685482 ,   0.03250532,   0.33839554,   3.02043936,
       -29.98622017,  29.37618056, -13.49698661, -10.5744595 ,
        14.04381322,  -1.32085017,  -0.04497179,  12.42757658]), array([ 0.11616906,  0.00887128, -0.30747144, -0.46813594,  0.41630331,
       -0.8175547 ,  0.81375345,  1.21818365,  1.78631375,  0.10059603,
       -0.12044838,  0.05275015]), array([ 0.33281915,  0.66290477,  0.19484244, -0.06009087,  0.25848912,
        0.01347186,  2.33781146,  3.23684628,  6.19983412, -0.68101748,
        0.18525994, -0.3015652 ]), array([ 1.73895222,  5.69862605,  4.19501537, -1.26485701, -0.46875015,
       -1.3004576 ,  4.87025121,  6.0878542 , 12.33393232, -0.61881989,
        0.13180558, -0.28194147]), array([ 1.68007175,  5.68925909,  4.23814753, -0.68426988,  0.37911111,
       -0.26839318,  4.25912917,  5.05982062, 12.02019388, -0.65876691,
        0.0407477 , -0.2795788 ]), array([ 1.21397272,  3.00085279,  3.46818385, -0.43155578,  0.20074445,
       -0.17217151,  2.74487226,  0.95704916,  5.64472747, -0.45252554,
       -0.03060019, -0.270283  ]), array([ 1.20752417, -0.08301396,  1.55890733, -0.25715625, -0.48913413,
       -0.26563083,  0.74711914, -1.55452112, -0.15043073, -0.21221336,
       -0.20684728, -0.27809159]), array([ 10.95026631,  -2.54986723,  16.61269867,  -1.70716688,
        -0.49621869,  -0.32340566,   2.35852392, -12.37153973,
        -0.47213992,  -1.6863442 ,   0.830985  ,  -0.23245663]), array([  8.12340142,  -1.89960491,  12.02623502,   0.91447737,
         5.56139277,   3.40364336,   2.0735125 , -21.8507605 ,
        -0.60663774,  -2.44086636,   4.33860646,  -0.85143824]), array([0., 0., 0., 0., 0., 0., 0., 0., 0., 0., 0., 0.]), array([-0.36557354,  7.05568058,  5.74245927, -1.78541491, -2.26784103,
       -5.81587226,  0.71312171,  3.44988246,  8.97970038,  1.21943463,
       19.83293392, 21.94891702]), array([ 0.9786682 ,  2.85168317,  2.24182084, -1.07802688, -0.26567018,
        0.54010999, -0.62802095,  3.84170185, 10.07064559,  0.67891738,
       17.30166486, 14.31913732]), array([ 1.36725887,  5.00839242,  4.12746418,  0.22793794,  0.08439804,
        1.66635121,  0.56018283,  6.9888954 , 19.72327039,  1.25443725,
       13.44958282, 11.20254688]), array([ 0.47053213,  7.60452098,  6.96083029, -0.30688491, -3.31263231,
        2.59472762, -0.29628151,  5.36771867, 22.22810425,  3.08463246,
       14.11014149, 13.46198196]), array([-0.54544517,  1.28000792,  0.86236078, -0.71304605,  0.02325309,
       -0.12027921,  0.62267163,  0.69000737, -0.58961908, -2.8023974 ,
       11.16576445, 12.57952022]), array([-1.28949093,  2.03938855,  1.51630879, -0.57416737,  0.21927052,
       -0.19668644,  0.58595466,  0.08486173, -0.16804078, -1.69985361,
        9.63402023, 11.70899747]), array([-2.15821078,  1.80405556,  1.81970475, -0.50862432, -0.41262945,
       -0.01183333,  1.04073515, -0.11117372, -1.13959925, -1.32105777,
        6.99458019, 10.14910985]), array([-5.1002705 , -0.7731796 ,  2.32800616,  1.8219787 , -5.46668266,
        1.08081803,  0.76852203, -0.97466522, -0.8102527 ,  0.32814764,
        3.72656703,  5.8993371 ]), array([-4.75535789, -7.08366399, 16.89300424, -5.0666759 ,  8.59995997,
       -2.72882611,  0.8594777 ,  2.92785365,  1.61529408, 12.57092188,
       -2.22687016, 14.93069496]), array([ -2.58067596, -10.36479209,  29.59639351,  -5.19165286,
         2.17851547, -12.29173092, -10.71455647,  -1.23013632,
        17.87158592,   7.96615781,  -8.56388676,  29.60315682]), array([0., 0., 0., 0., 0., 0., 0., 0., 0., 0., 0., 0.]), array([-7.32180813e+00,  6.03614758e+00,  1.20655501e+01, -1.40249683e+00,
       -1.27242337e-02, -1.65926322e-01,  2.20073313e+00, -2.45626032e-01,
       -2.52566907e+00,  2.41263602e+00,  9.04583905e+00,  2.28776157e+01]), array([-3.32251204,  3.5679705 ,  3.34058929, -0.65052104,  0.05440283,
       -0.24106489,  0.3096609 ,  0.23214597,  0.52051663,  0.31415726,
        9.26079816, 14.28964294]), array([-2.81114549,  3.33257186,  2.90623998, -0.63303988,  0.05670578,
       -0.23925453,  0.70763516,  0.2641323 , -0.03151995, -0.69646583,
        9.41476379, 14.02058475]), array([-1.73355547,  2.22741113,  1.8053289 , -0.51851344,  0.07479764,
       -0.24897584,  0.1826096 , -0.35904889, -0.09162602, -0.13177436,
        8.15457222, 10.05789856]), array([-1.01544514,  3.64357525,  3.1227027 , -0.48110292,  0.09219907,
       -0.25311347, -1.64199769, -2.31708915,  1.41146862,  3.85426357,
        4.6126581 ,  4.04509692]), array([ 1.39507896,  6.7111803 ,  6.16462944, -0.55561561,  0.09050674,
       -0.24550395, -2.15043422, -6.04163342,  1.83289332,  3.43725253,
        4.10597825,  3.61982593]), array([-0.59713036, -3.71545464,  5.8143906 , -0.61165768,  0.0917002 ,
       -0.24706984, -0.35979039, -4.67739964, -1.53930655,  3.76028783,
        1.39481783,  2.75969167]), array([-33.46961078, -13.09050393,  20.19728962,  -1.94739763,
        -0.04471902,  -0.12134655,  13.92520513,  30.0858409 ,
        -2.95384431,   8.91770046, -20.06038735,  33.48586584]), array([0., 0., 0., 0., 0., 0., 0., 0., 0., 0., 0., 0.]), array([ 1.74771653,  1.99984006,  0.26786212,  0.38804187, 11.29900441,
       11.40637392, -3.29584288, 13.96776907, 24.57949244, -3.1475399 ,
       11.64731268, 24.96520624]), array([ 1.01151821, -0.65733196, -0.54500514,  1.61232727,  2.71013558,
        2.49810047, -1.06599428, 12.30647968, 15.65025717, -0.83153365,
       10.25888588, 10.64582282]), array([ 0.69787838, -0.60539557, -0.42873508,  0.78440294,  1.52525224,
        1.2453367 , -0.31813254,  9.57419   , 11.46321408, -0.0408353 ,
        5.90545472,  5.7692534 ]), array([ 0.63501734, -0.23675976, -0.26721889,  1.86035754,  2.41588895,
        2.15900819, -0.76578368,  7.0943635 , 10.21661782, -0.38540298,
        3.68482951,  3.55190264]), array([ 0.46929623, -0.14475398, -0.23230528,  3.65419118,  2.89185986,
        3.48147478, -1.87528313,  5.14151137,  9.83197157, -0.88742826,
        2.44964498,  2.31219783]), array([ 1.24102404, -1.45106907, -1.42847741,  3.03255181, -0.48261809,
        7.01423101, -3.88303128,  3.54983461,  9.05738094, -1.03761284,
        1.19889651,  1.16117573]), array([ 0.57379902,  2.13930329,  1.05608697,  2.80708971, -2.43984945,
        6.17161631, -2.7553252 ,  0.68398266,  7.78713126, -0.85010225,
        0.23437544,  0.40122875]), array([ 0.6950849 ,  0.65265259, -0.01069147,  2.54563184, -2.05801944,
        6.17531238, -3.00760319,  1.32802491,  7.25767485, -0.79145661,
        0.34706443,  0.38748033]), array([0., 0., 0., 0., 0., 0., 0., 0., 0., 0., 0., 0.])]
You can open the visualizer by visiting the following URL:
http://127.0.0.1:7000/static/
